3.0 7.5 4.0 6.5
5.0 7.5 4.0 6.5
6.5 6.5 6.0 6.0
7.5 5.5 6.5 4.5
8.0 4.0 7.5 3.5
8.5 3.0 7.5 3.5
6.5 0.5 6.0 1.5
3.0 0.5 3.0 1.5
2.0 1.5 3.0 1.5
1.0 3.5 2.0 3.5
4.5 3.5 4.0 4.5
4.5 3.5 5.0 4.5
4.5 3.5 6.0 3.5
4.5 3.5 5.0 2.5
4.5 3.5 4.0 2.5
4.5 3.5 3.0 3.5
4.0 4.5 4.0 6.5
4.0 4.5 5.0 4.5
4.0 4.5 4.5 3.5
4.0 4.5 3.0 3.5
4.0 4.5 3.0 5.0
5.0 4.5 6.0 6.0
5.0 4.5 6.5 4.5
5.0 4.5 6.0 3.5
5.0 4.5 4.5 3.5
5.0 4.5 4.0 4.5
6.0 3.5 6.5 4.5
6.0 3.5 7.5 3.5
6.0 3.5 6.0 1.5
6.0 3.5 5.0 2.5
6.0 3.5 4.5 3.5
6.0 3.5 5.0 4.5
5.0 2.5 6.0 3.5
5.0 2.5 6.0 1.5
5.0 2.5 4.0 2.5
5.0 2.5 4.5 3.5
4.0 2.5 4.5 3.5
4.0 2.5 5.0 2.5
4.0 2.5 3.0 1.5
4.0 2.5 3.0 3.5
3.0 3.5 4.0 4.5
3.0 3.5 4.5 3.5
3.0 3.5 4.0 2.5
3.0 3.5 2.0 3.5
4.0 6.5 5.0 7.5
4.0 6.5 6.0 6.0
4.0 6.5 4.0 4.5
4.0 6.5 3.0 5.0
4.0 6.5 3.0 7.5
6.0 6.0 6.5 6.5
6.0 6.0 6.5 4.5
6.0 6.0 5.0 4.5
6.0 6.0 4.0 6.5
6.5 4.5 7.5 5.5
6.5 4.5 7.5 3.5
6.5 4.5 6.0 3.5
6.5 4.5 5.0 4.5
6.5 4.5 6.0 6.0
7.5 3.5 8.0 4.0
7.5 3.5 8.5 3.0
7.5 3.5 6.0 1.5
7.5 3.5 6.0 3.5
7.5 3.5 6.5 4.5
6.0 1.5 6.0 3.5
6.0 1.5 7.5 3.5
6.0 1.5 6.5 0.5
6.0 1.5 3.0 1.5
6.0 1.5 5.0 2.5
3.0 1.5 4.0 2.5
3.0 1.5 6.0 1.5
3.0 1.5 3.0 0.5
3.0 1.5 2.0 1.5
3.0 1.5 2.0 3.5
2.0 3.5 3.0 5.0
2.0 3.5 3.0 3.5
2.0 3.5 3.0 1.5
2.0 3.5 1.0 3.5
3.0 5.0 4.0 6.5
3.0 5.0 4.0 4.5
3.0 5.0 2.0 3.5