*** t = 0
*** t = 1
*** t = 2
*** t = 3
*** t = 4
*** t = 5
*** t = 6
*** t = 7
*** t = 8
*** t = 9
*** t = 10
1.0 1.0 1.0 0.0 0
*** t = 11
1.0 0.8889226493130109 1.0 0.0 0
*** t = 12
1.0 0.7778452986260218 1.0 0.0 0
*** t = 13
1.0 0.6667679479390327 1.0 0.0 0
*** t = 14
1.0 0.5556905972520436 1.0 0.0 0
*** t = 15
1.0 0.4446132465650545 1.0 0.0 0
0.0 0.0 1.0 0.0 1
*** t = 16
1.0 0.3335358958780654 1.0 0.0 0
0.07671595505755803 0.0 1.0 0.0 1
2.0 0.0 1.0 0.0 2
*** t = 17
1.0 0.2224585451910763 1.0 0.0 0
0.15343191011511606 0.0 1.0 0.0 1
1.8650275529891844 0.0 1.0 0.0 2
*** t = 18
1.0 0.11138119450408718 1.0 0.0 0
0.2301478651726741 0.0 1.0 0.0 1
1.7300551059783689 0.0 1.0 0.0 2
*** t = 19
1.0 0.00030384381709805397 1.0 0.0 0
0.3068638202302321 0.0 1.0 0.0 1
1.5950826589675533 0.0 1.0 0.0 2
*** t = 20
1.0 1.0 1.0 0.0 3
0.38357977528779014 0.0 1.0 0.0 1
1.4601102119567377 0.0 1.0 0.0 2
1.22185085755688 0.0 2.0 0.0 0
*** t = 21
1.0 0.9329122573469739 1.0 0.0 3
0.46029573034534815 0.0 1.0 0.0 1
1.3251377649459222 0.0 1.0 0.0 2
1.3329282082438692 0.0 2.0 0.0 0
*** t = 22
1.0 0.8658245146939478 1.0 0.0 3
0.5370116854029062 0.0 1.0 0.0 1
1.1901653179351066 0.0 1.0 0.0 2
1.4440055589308582 0.0 2.0 0.0 0
*** t = 23
1.0 0.7987367720409217 1.0 0.0 3
0.6137276404604642 0.0 1.0 0.0 1
1.055192870924291 0.0 1.0 0.0 2
1.5550829096178473 0.0 2.0 0.0 0
*** t = 24
1.0 0.7316490293878957 1.0 0.0 3
0.6904435955180223 0.0 1.0 0.0 1
0.7852479769026599 0.0 0.0 0.0 2
1.6661602603048364 0.0 2.0 0.0 0
*** t = 25
1.0 0.6645612867348696 1.0 0.0 3
0.7671595505755803 0.0 1.0 0.0 1
0.6502755298918443 0.0 0.0 0.0 2
1.7772376109918255 0.0 2.0 0.0 0
*** t = 26
1.0 0.5974735440818435 1.0 0.0 3
0.8438755056331383 0.0 1.0 0.0 1
0.5153030828810288 0.0 0.0 0.0 2
1.8883149616788146 0.0 2.0 0.0 0
*** t = 27
1.0 0.5303858014288174 1.0 0.0 3
0.9205914606906963 0.0 1.0 0.0 1
0.3803306358702132 0.0 0.0 0.0 2
1.9993923123658037 0.0 2.0 0.0 0
*** t = 28
1.0 0.4632980587757914 1.0 0.0 3
0.9973074157482543 0.0 1.0 0.0 1
0.2453581888593976 0.0 0.0 0.0 2
*** t = 29
1.0 0.39621031612276536 1.0 0.0 3
1.0 0.15073932586337038 1.0 1.0 1
0.11038574184858202 0.0 0.0 0.0 2
*** t = 30
1.0 0.32912257346973933 1.0 0.0 3
1.0 1.0 1.0 0.0 4
0.0 0.0 1.0 0.0 5
1.0 0.22745528092092843 1.0 1.0 1
*** t = 31
1.0 0.2620348308167133 1.0 0.0 3
1.0 0.8176339536480921 1.0 0.0 4
0.13531075132382459 0.0 1.0 0.0 5
1.0 0.30417123597848644 1.0 1.0 1
*** t = 32
1.0 0.19494708816368728 1.0 0.0 3
1.0 0.6352679072961842 1.0 0.0 4
0.27062150264764917 0.0 1.0 0.0 5
2.0 0.0 1.0 0.0 6
1.0 0.38088719103604446 1.0 1.0 1
*** t = 33
1.0 0.12785934551066125 1.0 0.0 3
1.0 0.4529018609442763 1.0 0.0 4
0.40593225397147376 0.0 1.0 0.0 5
1.8879875974104257 0.0 1.0 0.0 6
1.0 0.4576031460936025 1.0 1.0 1
*** t = 34
1.0 0.06077160285763522 1.0 0.0 3
1.0 0.2705358145923684 1.0 0.0 4
0.5412430052952983 0.0 1.0 0.0 5
1.7759751948208513 0.0 1.0 0.0 6
1.0 0.5343191011511605 1.0 1.0 1
*** t = 35
1.0 0.2705358145923684 1.0 0.0 4
0.6765537566191229 0.0 1.0 0.0 5
1.663962792231277 0.0 1.0 0.0 6
1.0 0.6110350562087186 1.0 1.0 1
1.073403882448417 0.0 2.0 0.0 3
*** t = 36
1.0 0.08816976824046055 1.0 0.0 4
0.8118645079429474 0.0 1.0 0.0 5
1.5519503896417026 0.0 1.0 0.0 6
1.0 0.6877510112662766 1.0 1.0 1
1.140491625101443 0.0 2.0 0.0 3
*** t = 37
0.9471752592667719 0.0 1.0 0.0 5
1.4399379870521283 0.0 1.0 0.0 6
1.0 0.7644669663238346 1.0 1.0 1
0.7234376755366447 0.0 0.0 0.0 4
1.207579367754469 0.0 2.0 0.0 3
*** t = 38
1.327925584462554 0.0 1.0 0.0 6
1.0 0.8411829213813926 1.0 1.0 1
1.0 0.2177967619144211 1.0 1.0 5
0.5410716291847368 0.0 0.0 0.0 4
1.2746671104074951 0.0 2.0 0.0 3
*** t = 39
1.2159131818729796 0.0 1.0 0.0 6
1.0 0.9178988764389506 1.0 1.0 1
1.0 0.3531075132382457 1.0 1.0 5
0.35870558283282894 0.0 0.0 0.0 4
1.3417548530605212 0.0 2.0 0.0 3
*** t = 40
1.0 1.0 1.0 0.0 7
1.1039007792834052 0.0 1.0 0.0 6
1.0 0.9946148314965086 1.0 1.0 1
1.0 0.48841826456207027 1.0 1.0 5
0.17633953648092107 0.0 0.0 0.0 4
1.4088425957135473 0.0 2.0 0.0 3
*** t = 41
1.0 0.8635836018101296 1.0 0.0 7
1.0 0.48841826456207027 1.0 1.0 5
0.9918883766938309 0.0 0.0 0.0 6
1.4759303383665734 0.0 2.0 0.0 3
*** t = 42
1.0 0.7271672036202592 1.0 0.0 7
1.0 0.6237290158858948 1.0 1.0 5
0.8798759741042566 0.0 0.0 0.0 6
1.5430180810195995 0.0 2.0 0.0 3
*** t = 43
1.0 0.5907508054303888 1.0 0.0 7
1.0 0.7590397672097193 1.0 1.0 5
0.7678635715146822 0.0 0.0 0.0 6
1.6101058236726256 0.0 2.0 0.0 3
*** t = 44
1.0 0.45433440724051843 1.0 0.0 7
1.0 0.8943505185335439 1.0 1.0 5
0.6558511689251079 0.0 0.0 0.0 6
1.6771935663256516 0.0 2.0 0.0 3
*** t = 45
1.0 0.31791800905064804 1.0 0.0 7
0.0 0.0 1.0 0.0 8
0.5438387663355335 0.0 0.0 0.0 6
1.7442813089786777 0.0 2.0 0.0 3
*** t = 46
1.0 0.18150161086077762 1.0 0.0 7
0.13738963347150138 0.0 1.0 0.0 8
0.4318263637459592 0.0 0.0 0.0 6
1.8113690516317038 0.0 2.0 0.0 3
*** t = 47
1.0 0.045085212670907204 1.0 0.0 7
0.27477926694300275 0.0 1.0 0.0 8
0.31981396115638483 0.0 0.0 0.0 6
1.87845679428473 0.0 2.0 0.0 3
*** t = 48
0.41216890041450416 0.0 1.0 0.0 8
2.0 0.0 1.0 0.0 9
0.2078015585668105 0.0 0.0 0.0 6
0.7722524162911664 0.0 0.0 0.0 7
1.945544536937756 0.0 2.0 0.0 3
*** t = 49
0.5495585338860055 0.0 1.0 0.0 8
1.8674283785773877 0.0 1.0 0.0 9
0.0957891559772362 0.0 0.0 0.0 6
0.635836018101296 0.0 0.0 0.0 7
